mode: original
ka: 0.00048
kb: 0.00018
sigma0: 0.020
lam: 0.006
nominal_gain: 0.991
nominal_bias: 0.0
